0 1 2 3 4 5 6 7 8 9 10 11 12 13 14 15 16 17 18 17 17 18 19 20 21 22 23 24 25 26 27 28 29 30 31 32 
1 0 1 2 3 4 5 6 7 8 9 10 11 12 13 14 15 16 17 16 16 17 18 19 20 21 22 23 24 25 26 27 28 29 30 31 
2 1 0 1 2 3 4 5 6 7 8 9 10 11 12 13 14 15 16 15 15 16 17 18 19 20 21 22 23 24 25 26 27 28 29 30 
3 2 1 0 1 2 3 4 5 6 7 8 9 10 11 12 13 14 15 14 14 15 16 17 18 19 20 21 22 23 24 25 26 27 28 29 
4 3 2 1 0 1 2 3 4 5 6 7 8 9 10 11 12 13 14 13 13 14 15 16 17 18 19 20 21 22 23 24 25 26 27 28 
5 4 3 2 1 0 1 2 3 4 5 6 7 8 9 10 11 12 13 12 12 13 14 15 16 17 18 19 20 21 22 23 24 25 26 27 
6 5 4 3 2 1 0 1 2 3 4 5 6 7 8 9 10 11 12 11 11 12 13 14 15 16 17 18 19 20 21 22 23 24 25 26 
7 6 5 4 3 2 1 0 1 2 3 4 5 6 7 8 9 10 11 10 10 11 12 13 14 15 16 17 18 19 20 21 22 23 24 25 
8 7 6 5 4 3 2 1 0 1 2 3 4 5 6 7 8 9 10 9 9 10 11 12 13 14 15 16 17 18 19 20 21 22 23 24 
9 8 7 6 5 4 3 2 1 0 1 2 3 4 5 6 7 8 9 8 8 9 10 11 12 13 14 15 16 17 18 19 20 21 22 23 
10 9 8 7 6 5 4 3 2 1 0 1 2 3 4 5 6 7 8 7 7 8 9 10 11 12 13 14 15 16 17 18 19 20 21 22 
11 10 9 8 7 6 5 4 3 2 1 0 1 2 3 4 5 6 7 6 6 7 8 9 10 11 12 13 14 15 16 17 18 19 20 21 
12 11 10 9 8 7 6 5 4 3 2 1 0 1 2 3 4 5 6 5 5 6 7 8 9 10 11 12 13 14 15 16 17 18 19 20 
13 12 11 10 9 8 7 6 5 4 3 2 1 0 1 2 3 4 5 4 4 5 6 7 8 9 10 11 12 13 14 15 16 17 18 19 
14 13 12 11 10 9 8 7 6 5 4 3 2 1 0 1 2 3 4 3 3 4 5 6 7 8 9 10 11 12 13 14 15 16 17 18 
15 14 13 12 11 10 9 8 7 6 5 4 3 2 1 0 1 2 3 2 2 3 4 5 6 7 8 9 10 11 12 13 14 15 16 17 
16 15 14 13 12 11 10 9 8 7 6 5 4 3 2 1 0 1 2 1 1 2 3 4 5 6 7 8 9 10 11 12 13 14 15 16 
17 16 15 14 13 12 11 10 9 8 7 6 5 4 3 2 1 0 3 2 2 3 4 5 6 7 8 9 10 11 12 13 14 15 16 17 
18 17 16 15 14 13 12 11 10 9 8 7 6 5 4 3 2 3 0 1 3 4 5 6 7 8 9 10 11 12 13 14 15 16 17 18 
17 16 15 14 13 12 11 10 9 8 7 6 5 4 3 2 1 2 1 0 2 3 4 5 6 7 8 9 10 11 12 13 14 15 16 17 
17 16 15 14 13 12 11 10 9 8 7 6 5 4 3 2 1 2 3 2 0 1 2 3 4 5 6 7 8 9 10 11 12 13 14 15 
18 17 16 15 14 13 12 11 10 9 8 7 6 5 4 3 2 3 4 3 1 0 1 2 3 4 5 6 7 8 9 10 11 12 13 14 
19 18 17 16 15 14 13 12 11 10 9 8 7 6 5 4 3 4 5 4 2 1 0 1 2 3 4 5 6 7 8 9 10 11 12 13 
20 19 18 17 16 15 14 13 12 11 10 9 8 7 6 5 4 5 6 5 3 2 1 0 1 2 3 4 5 6 7 8 9 10 11 12 
21 20 19 18 17 16 15 14 13 12 11 10 9 8 7 6 5 6 7 6 4 3 2 1 0 1 2 3 4 5 6 7 8 9 10 11 
22 21 20 19 18 17 16 15 14 13 12 11 10 9 8 7 6 7 8 7 5 4 3 2 1 0 1 2 3 4 5 6 7 8 9 10 
23 22 21 20 19 18 17 16 15 14 13 12 11 10 9 8 7 8 9 8 6 5 4 3 2 1 0 1 2 3 4 5 6 7 8 9 
24 23 22 21 20 19 18 17 16 15 14 13 12 11 10 9 8 9 10 9 7 6 5 4 3 2 1 0 1 2 3 4 5 6 7 8 
25 24 23 22 21 20 19 18 17 16 15 14 13 12 11 10 9 10 11 10 8 7 6 5 4 3 2 1 0 1 2 3 4 5 6 7 
26 25 24 23 22 21 20 19 18 17 16 15 14 13 12 11 10 11 12 11 9 8 7 6 5 4 3 2 1 0 1 2 3 4 5 6 
27 26 25 24 23 22 21 20 19 18 17 16 15 14 13 12 11 12 13 12 10 9 8 7 6 5 4 3 2 1 0 1 2 3 4 5 
28 27 26 25 24 23 22 21 20 19 18 17 16 15 14 13 12 13 14 13 11 10 9 8 7 6 5 4 3 2 1 0 1 2 3 4 
29 28 27 26 25 24 23 22 21 20 19 18 17 16 15 14 13 14 15 14 12 11 10 9 8 7 6 5 4 3 2 1 0 1 2 3 
30 29 28 27 26 25 24 23 22 21 20 19 18 17 16 15 14 15 16 15 13 12 11 10 9 8 7 6 5 4 3 2 1 0 1 2 
31 30 29 28 27 26 25 24 23 22 21 20 19 18 17 16 15 16 17 16 14 13 12 11 10 9 8 7 6 5 4 3 2 1 0 1 
32 31 30 29 28 27 26 25 24 23 22 21 20 19 18 17 16 17 18 17 15 14 13 12 11 10 9 8 7 6 5 4 3 2 1 0 
